radix 1 1 1 1 1 1 1 1 1 1 1 1 1 1 1 1 1 1 1 1 1 1 1 1 1 1 1 1 1
io i i i i i i i i i i i i i i i i i i i i i i i i i i i i i
vname clk A<4> A<3> A<2> A<1> A<0> data_in<15> data_in<14> data_in<13> data_in<12> data_in<11> data_in<10> data_in<9> data_in<8> data_in<7> data_in<6> data_in<5> data_in<4> data_in<3> data_in<2> data_in<1> data_in<0> pre_en rst decoder_en W_en read_en sense_en pre_en_SA
tunit 1ns
trise 0.01
tfall 0.01
vih 1.0
vil 0.0

0   0  0 0 0 0 0  0 0 0 0 0 0 0 0 0 0 0 0 0 0 0 0  0 0 0 0 1 0 0
20  0  0 0 0 0 0  0 0 0 0 0 0 0 0 0 0 0 0 0 0 0 0  0 1 0 0 1 0 0

40  0  1 1 1 1 1  0 1 0 1 1 1 1 1 0 0 1 0 1 0 1 1  0 1 0 1 1 0 0
50  0  1 1 1 1 1  0 1 0 1 1 1 1 1 0 0 1 0 1 0 1 1  1 1 0 1 1 0 1
60  1  1 1 1 1 1  0 1 0 1 1 1 1 1 0 0 1 0 1 0 1 1  1 1 1 1 1 0 1
80  0  1 1 1 1 1  0 1 0 1 1 1 1 1 0 0 1 0 1 0 1 1  1 1 0 1 1 0 1
90  0  1 1 1 1 1  0 1 0 1 1 1 1 1 0 0 1 0 1 0 1 1  0 1 0 0 1 0 0

120 0  1 0 1 0 0  1 0 0 1 0 0 0 0 0 1 0 1 0 1 0 0  0 1 0 1 1 0 0
130 0  1 0 1 0 0  1 0 0 1 0 0 0 0 0 1 0 1 0 1 0 0  1 1 0 1 1 0 1
140 1  1 0 1 0 0  1 0 0 1 0 0 0 0 0 1 0 1 0 1 0 0  1 1 1 1 1 0 1
160 0  1 0 1 0 0  1 0 0 1 0 0 0 0 0 1 0 1 0 1 0 0  1 1 0 1 1 0 1
170 0  1 0 1 0 0  1 0 0 1 0 0 0 0 0 1 0 1 0 1 0 0  0 1 0 0 1 0 0

200 0  0 0 0 0 0  0 0 0 0 0 0 0 0 0 0 0 0 0 0 0 0  0 1 0 0 1 0 0

240 0  1 1 1 1 1  0 0 0 0 0 0 0 0 0 0 0 0 0 0 0 0  0 1 0 0 0 0 0
250 0  1 1 1 1 1  0 0 0 0 0 0 0 0 0 0 0 0 0 0 0 0  1 1 0 0 0 0 1
260 1  1 1 1 1 1  0 0 0 0 0 0 0 0 0 0 0 0 0 0 0 0  1 1 1 0 0 0 1
275 1  1 1 1 1 1  0 0 0 0 0 0 0 0 0 0 0 0 0 0 0 0  1 1 1 0 0 1 1
285 0  1 1 1 1 1  0 0 0 0 0 0 0 0 0 0 0 0 0 0 0 0  1 1 0 0 0 0 1
295 0  1 1 1 1 1  0 0 0 0 0 0 0 0 0 0 0 0 0 0 0 0  0 1 0 0 1 0 0

340 0  1 0 1 0 0  0 0 0 0 0 0 0 0 0 0 0 0 0 0 0 0  0 1 0 0 0 0 0
350 0  1 0 1 0 0  0 0 0 0 0 0 0 0 0 0 0 0 0 0 0 0  1 1 0 0 0 0 1
360 1  1 0 1 0 0  0 0 0 0 0 0 0 0 0 0 0 0 0 0 0 0  1 1 1 0 0 0 1
375 1  1 0 1 0 0  0 0 0 0 0 0 0 0 0 0 0 0 0 0 0 0  1 1 1 0 0 1 1
385 0  1 0 1 0 0  0 0 0 0 0 0 0 0 0 0 0 0 0 0 0 0  1 1 0 0 0 0 1
395 0  1 0 1 0 0  0 0 0 0 0 0 0 0 0 0 0 0 0 0 0 0  0 1 0 0 1 0 0
