radix 1 1 1 1 1 1 1 1 1 1 1 1 1 1 1 1 1 1 1 1 1 1 1 1 1 1 1 1
io i i i i i i i i i i i i i i i i i i i i i i i i i i i i
vname A<4> A<3> A<2> A<1> A<0> data_in<15> data_in<14> data_in<13> data_in<12> data_in<11> data_in<10> data_in<9> data_in<8> data_in<7> data_in<6> data_in<5> data_in<4> data_in<3> data_in<2> data_in<1> data_in<0> pre_en rst decoder_en W_en read_en sense_en pre_en_SA
tunit ns
vih 1.0
vil 0.0
voh 1.0
vol 0.0

0   0 0 0 0 0   0 0 0 0 0 0 0 0 0 0 0 0 0 0 0 0   1 1 0 0 0 0 1
4   0 0 0 0 0   0 0 0 0 0 0 0 0 0 0 0 0 0 0 0 0   1 1 1 0 0 0 1

8   1 1 0 1 1   0 0 0 1 1 0 1 0 0 0 1 0 1 0 1 1   0 1 1 1 0 0 0
12  0 1 0 1 1   0 0 0 1 0 1 0 0 0 0 1 1 1 0 1 1   0 1 1 1 0 0 0
16  0 1 0 1 0   1 0 0 1 1 0 0 0 0 1 0 0 1 1 0 0   0 1 1 1 0 0 0
20  1 0 1 1 0   0 0 1 0 0 0 0 1 0 0 0 1 1 0 1 1   0 1 1 1 0 0 0
24  0 1 0 1 0   0 1 0 0 1 1 0 0 0 0 1 1 0 1 1 0   0 1 1 1 0 0 0
28  1 0 0 1 1   1 1 1 0 0 0 0 1 0 1 0 1 1 1 0 0   0 1 1 1 0 0 0
32  1 1 1 1 1   0 1 0 1 1 1 1 1 0 0 1 0 1 0 1 1   0 1 1 1 0 0 0
36  1 0 1 0 0   1 0 0 1 0 0 0 0 0 1 0 1 0 1 0 0   0 1 1 1 0 0 0
40  0 0 1 1 1   1 1 1 1 1 1 1 1 1 0 0 0 0 0 1 1   0 1 1 1 0 0 0
44  1 0 0 0 1   0 0 0 1 1 0 0 1 1 1 0 1 0 1 1 1   0 1 1 1 0 0 0

48  0 0 1 1 1   0 0 0 0 0 0 0 0 0 0 0 0 0 0 0 0   0 1 1 0 1 0 0
52  1 0 1 0 0   0 0 0 0 0 0 0 0 0 0 0 0 0 0 0 0   0 1 1 0 1 0 0
56  1 0 1 0 0   0 0 0 0 0 0 0 0 0 0 0 0 0 0 0 0   0 1 1 0 1 0 0
60  1 1 0 1 1   0 0 0 0 0 0 0 0 0 0 0 0 0 0 0 0   0 1 1 0 1 0 0
64  1 0 0 1 1   0 0 0 0 0 0 0 0 0 0 0 0 0 0 0 0   0 1 1 0 1 0 0
68  1 0 1 1 0   0 0 0 0 0 0 0 0 0 0 0 0 0 0 0 0   0 1 1 0 1 0 0
72  1 0 0 0 1   0 0 0 0 0 0 0 0 0 0 0 0 0 0 0 0   0 1 1 0 1 0 0
76  0 0 1 1 1   0 0 0 0 0 0 0 0 0 0 0 0 0 0 0 0   0 1 1 0 1 0 0
80  1 0 1 1 0   0 0 0 0 0 0 0 0 0 0 0 0 0 0 0 0   0 1 1 0 1 0 0
84  1 0 0 1 1   0 0 0 0 0 0 0 0 0 0 0 0 0 0 0 0   0 1 1 0 1 0 0