radix 1 1 1 1 1 1 1 1 1 1 1 1 1 1 1 1 1 1 1 1 1 1 1 1 1 1 1 1 1
io i i i i i i i i i i i i i i i i i i i i i i i i i i i i i
vname clk A<4> A<3> A<2> A<1> A<0> data_in<15> data_in<14> data_in<13> data_in<12> data_in<11> data_in<10> data_in<9> data_in<8> data_in<7> data_in<6> data_in<5> data_in<4> data_in<3> data_in<2> data_in<1> data_in<0> pre_en rst decoder_en W_en read_en sense_en pre_en_SA
tunit 1ns
trise 0.01
tfall 0.01
vih 1.0
vil 0.0

0   0  0 0 0 0 0  0 0 0 0 0 0 0 0 0 0 0 0 0 0 0 0  0 0 0 0 1 0 1
20  0  0 0 0 0 0  0 0 0 0 0 0 0 0 0 0 0 0 0 0 0 0  0 1 0 0 1 0 1

40  0  1 1 1 1 1  0 1 0 1 1 1 1 1 0 0 1 0 1 0 1 1  0 1 0 1 1 0 1
50  0  1 1 1 1 1  0 1 0 1 1 1 1 1 0 0 1 0 1 0 1 1  1 1 0 1 1 0 0
60  1  1 1 1 1 1  0 1 0 1 1 1 1 1 0 0 1 0 1 0 1 1  1 1 1 1 1 0 0
80  0  1 1 1 1 1  0 1 0 1 1 1 1 1 0 0 1 0 1 0 1 1  1 1 0 1 1 0 0
90  0  1 1 1 1 1  0 1 0 1 1 1 1 1 0 0 1 0 1 0 1 1  0 1 0 0 1 0 1

120 0  1 0 1 0 0  1 0 0 1 0 0 0 0 0 1 0 1 0 1 0 0  0 1 0 1 1 0 1
130 0  1 0 1 0 0  1 0 0 1 0 0 0 0 0 1 0 1 0 1 0 0  1 1 0 1 1 0 0
140 1  1 0 1 0 0  1 0 0 1 0 0 0 0 0 1 0 1 0 1 0 0  1 1 1 1 1 0 0
160 0  1 0 1 0 0  1 0 0 1 0 0 0 0 0 1 0 1 0 1 0 0  1 1 0 1 1 0 0
170 0  1 0 1 0 0  1 0 0 1 0 0 0 0 0 1 0 1 0 1 0 0  0 1 0 0 1 0 1

200 0  0 0 0 0 0  0 0 0 0 0 0 0 0 0 0 0 0 0 0 0 0  0 1 0 0 1 0 1

240 0  1 1 1 1 1  0 0 0 0 0 0 0 0 0 0 0 0 0 0 0 0  0 1 0 0 0 0 1
250 0  1 1 1 1 1  0 0 0 0 0 0 0 0 0 0 0 0 0 0 0 0  0 1 0 0 0 0 1
260 0  1 1 1 1 1  0 0 0 0 0 0 0 0 0 0 0 0 0 0 0 0  0 1 1 0 0 0 1
275 0  1 1 1 1 1  0 0 0 0 0 0 0 0 0 0 0 0 0 0 0 0  0 1 1 0 0 1 1
285 1  1 1 1 1 1  0 0 0 0 0 0 0 0 0 0 0 0 0 0 0 0  0 1 1 0 0 1 1
295 0  1 1 1 1 1  0 0 0 0 0 0 0 0 0 0 0 0 0 0 0 0  0 1 0 0 1 0 1

340 0  1 0 1 0 0  0 0 0 0 0 0 0 0 0 0 0 0 0 0 0 0  0 1 0 0 0 0 1
350 0  1 0 1 0 0  0 0 0 0 0 0 0 0 0 0 0 0 0 0 0 0  0 1 0 0 0 0 1
360 0  1 0 1 0 0  0 0 0 0 0 0 0 0 0 0 0 0 0 0 0 0  0 1 1 0 0 0 1
375 0  1 0 1 0 0  0 0 0 0 0 0 0 0 0 0 0 0 0 0 0 0  0 1 1 0 0 1 1
385 1  1 0 1 0 0  0 0 0 0 0 0 0 0 0 0 0 0 0 0 0 0  0 1 1 0 0 1 1
395 0  1 0 1 0 0  0 0 0 0 0 0 0 0 0 0 0 0 0 0 0 0  0 1 0 0 1 0 1