radix 1 1 1 1 1 1 1 1 1 1 1 1 1 1 1 1 1 1 1 1 1 1 1 1 1 1 1 1 1
io i i i i i i i i i i i i i i i i i i i i i i i i i i i i i
vname clk A<4> A<3> A<2> A<1> A<0> data_in<15> data_in<14> data_in<13> data_in<12> data_in<11> data_in<10> data_in<9> data_in<8> data_in<7> data_in<6> data_in<5> data_in<4> data_in<3> data_in<2> data_in<1> data_in<0> pre_en rst decoder_en W_en read_en sense_en pre_en_SA
tunit 1ns
trise 0.01
tfall 0.01
vih 1.0
vil 0.0

* Time | clk | A<4:0> | data_in<15:0> | pre rst dec W read sense preSA
0  0  0 0 0 0 0  0 0 0 0 0 0 0 0 0 0 0 0 0 0 0 0  1 0 0 0 1 0 1
2  1  0 0 0 0 0  0 0 0 0 0 0 0 0 0 0 0 0 0 0 0 0  1 0 0 0 1 0 1
4  0  0 0 0 0 0  0 0 0 0 0 0 0 0 0 0 0 0 0 0 0 0  0 0 0 0 1 0 0
6  0  0 0 0 0 0  0 0 0 0 0 0 0 0 0 0 0 0 0 0 0 0  0 1 0 0 1 0 0
8  0  0 0 0 0 0  0 0 0 0 0 0 0 0 0 0 0 0 0 0 0 0  1 1 0 0 1 0 1

* --- Write 5 (addr=11111) ---
10 0  1 1 1 1 1  0 1 0 1 1 1 1 1 0 0 1 0 1 0 1 1  1 1 0 0 1 0 1
12 1  1 1 1 1 1  0 1 0 1 1 1 1 1 0 0 1 0 1 0 1 1  1 1 0 0 1 0 1
14 1  1 1 1 1 1  0 1 0 1 1 1 1 1 0 0 1 0 1 0 1 1  1 1 1 1 1 0 1
18 0  1 1 1 1 1  0 1 0 1 1 1 1 1 0 0 1 0 1 0 1 1  0 1 0 0 1 0 0

* --- Write 6 (addr=10100) ---
20 0  1 0 1 0 0  1 0 0 1 0 0 0 0 0 1 0 1 0 1 0 0  1 1 0 0 1 0 1
22 1  1 0 1 0 0  1 0 0 1 0 0 0 0 0 1 0 1 0 1 0 0  1 1 0 0 1 0 1
24 1  1 0 1 0 0  1 0 0 1 0 0 0 0 0 1 0 1 0 1 0 0  1 1 1 1 1 0 1
28 0  1 0 1 0 0  1 0 0 1 0 0 0 0 0 1 0 1 0 1 0 0  0 1 0 0 1 0 0

* --- Write 7 (addr=00111) ---
30 0  0 0 1 1 1  1 1 1 1 1 1 1 1 1 0 0 0 0 0 1 1  1 1 0 0 1 0 1
32 1  0 0 1 1 1  1 1 1 1 1 1 1 1 1 0 0 0 0 0 1 1  1 1 0 0 1 0 1
34 1  0 0 1 1 1  1 1 1 1 1 1 1 1 1 0 0 0 0 0 1 1  1 1 1 1 1 0 1
38 0  0 0 1 1 1  1 1 1 1 1 1 1 1 1 0 0 0 0 0 1 1  0 1 0 0 1 0 0

* --- Write 8 (addr=10001) ---
40 0  1 0 0 0 1  0 0 0 1 1 0 0 1 1 1 0 1 0 1 1 1  1 1 0 0 1 0 1
42 1  1 0 0 0 1  0 0 0 1 1 0 0 1 1 1 0 1 0 1 1 1  1 1 0 0 1 0 1
44 1  1 0 0 0 1  0 0 0 1 1 0 0 1 1 1 0 1 0 1 1 1  1 1 1 1 1 0 1
48 0  1 0 0 0 1  0 0 0 1 1 0 0 1 1 1 0 1 0 1 1 1  0 1 0 0 1 0 0

* --- Write 9 (addr=11011) ---
50 0  1 1 0 1 1  0 0 0 1 1 0 1 0 0 0 1 0 1 0 1 1  1 1 0 0 1 0 1
52 1  1 1 0 1 1  0 0 0 1 1 0 1 0 0 0 1 0 1 0 1 1  1 1 0 0 1 0 1
54 1  1 1 0 1 1  0 0 0 1 1 0 1 0 0 0 1 0 1 0 1 1  1 1 1 1 1 0 1
58 0  1 1 0 1 1  0 0 0 1 1 0 1 0 0 0 1 0 1 0 1 1  0 1 0 0 1 0 0

* --- Write 0 (addr=01011) ---
60 0  0 1 0 1 1  0 0 0 1 0 1 0 0 0 0 1 1 1 0 1 1  1 1 0 0 1 0 1
62 1  0 1 0 1 1  0 0 0 1 0 1 0 0 0 0 1 1 1 0 1 1  1 1 0 0 1 0 1
64 1  0 1 0 1 1  0 0 0 1 0 1 0 0 0 0 1 1 1 0 1 1  1 1 1 1 1 0 1
68 0  0 1 0 1 1  0 0 0 1 0 1 0 0 0 0 1 1 1 0 1 1  0 1 0 0 1 0 0

* --- Write 1 (addr=01010) ---
70 0  0 1 0 1 0  1 0 0 1 1 0 0 0 0 1 0 0 1 1 0 0  1 1 0 0 1 0 1
72 1  0 1 0 1 0  1 0 0 1 1 0 0 0 0 1 0 0 1 1 0 0  1 1 0 0 1 0 1
74 1  0 1 0 1 0  1 0 0 1 1 0 0 0 0 1 0 0 1 1 0 0  1 1 1 1 1 0 1
78 0  0 1 0 1 0  1 0 0 1 1 0 0 0 0 1 0 0 1 1 0 0  0 1 0 0 1 0 0

* --- Write 2 (addr=10110) ---
80 0  1 0 1 1 0  0 0 1 0 0 0 0 1 0 0 0 1 1 0 1 1  1 1 0 0 1 0 1
82 1  1 0 1 1 0  0 0 1 0 0 0 0 1 0 0 0 1 1 0 1 1  1 1 0 0 1 0 1
84 1  1 0 1 1 0  0 0 1 0 0 0 0 1 0 0 0 1 1 0 1 1  1 1 1 1 1 0 1
88 0  1 0 1 1 0  0 0 1 0 0 0 0 1 0 0 0 1 1 0 1 1  0 1 0 0 1 0 0

* --- Write 3 (addr=01010) ---
90 0  0 1 0 1 0  0 1 0 0 1 1 0 0 0 0 1 1 0 1 1 0  1 1 0 0 1 0 1
92 1  0 1 0 1 0  0 1 0 0 1 1 0 0 0 0 1 1 0 1 1 0  1 1 0 0 1 0 1
94 1  0 1 0 1 0  0 1 0 0 1 1 0 0 0 0 1 1 0 1 1 0  1 1 1 1 1 0 1
98 0  0 1 0 1 0  0 1 0 0 1 1 0 0 0 0 1 1 0 1 1 0  0 1 0 0 1 0 0

* --- Write 4 (addr=10011) ---
100 0 1 0 0 1 1  1 1 1 0 0 0 0 1 0 1 0 1 1 1 0 0  1 1 0 0 1 0 1
102 1 1 0 0 1 1  1 1 1 0 0 0 0 1 0 1 0 1 1 1 0 0  1 1 0 0 1 0 1
104 1 1 0 0 1 1  1 1 1 0 0 0 0 1 0 1 0 1 1 1 0 0  1 1 1 1 1 0 1
108 0 1 0 0 1 1  1 1 1 0 0 0 0 1 0 1 0 1 1 1 0 0  0 1 0 0 1 0 0

* === IDLE / GLOBAL PRECHARGE before reads ===
109 0 0 0 0 0 0  0 0 0 0 0 0 0 0 0 0 0 0 0 0 0 0  0 1 0 0 1 0 0

* --- Read 1 (addr=01010) ---
110 0 0 1 0 1 0  0 0 0 0 0 0 0 0 0 0 0 0 0 0 0 0  1 1 0 0 1 0 1
112 1 0 1 0 1 0  0 0 0 0 0 0 0 0 0 0 0 0 0 0 0 0  1 1 1 0 0 0 1
116 1 0 1 0 1 0  0 0 0 0 0 0 0 0 0 0 0 0 0 0 0 0  1 1 0 0 0 1 1
118 0 0 1 0 1 0  0 0 0 0 0 0 0 0 0 0 0 0 0 0 0 0  0 1 0 0 1 0 0

* --- Read 9 (addr=11011) ---
120 0 1 1 0 1 1  0 0 0 0 0 0 0 0 0 0 0 0 0 0 0 0  1 1 0 0 1 0 1
122 1 1 1 0 1 1  0 0 0 0 0 0 0 0 0 0 0 0 0 0 0 0  1 1 1 0 0 0 1
126 1 1 1 0 1 1  0 0 0 0 0 0 0 0 0 0 0 0 0 0 0 0  1 1 0 0 0 1 1
128 0 1 1 0 1 1  0 0 0 0 0 0 0 0 0 0 0 0 0 0 0 0  0 1 0 0 1 0 0

* --- Read 5 (addr=11111) ---
130 0 1 1 1 1 1  0 0 0 0 0 0 0 0 0 0 0 0 0 0 0 0  1 1 0 0 1 0 1
132 1 1 1 1 1 1  0 0 0 0 0 0 0 0 0 0 0 0 0 0 0 0  1 1 1 0 0 0 1
136 1 1 1 1 1 1  0 0 0 0 0 0 0 0 0 0 0 0 0 0 0 0  1 1 0 0 0 1 1
138 0 1 1 1 1 1  0 0 0 0 0 0 0 0 0 0 0 0 0 0 0 0  0 1 0 0 1 0 0

* --- Read 5 (addr=11111) repeat ---
140 0 1 1 1 1 1  0 0 0 0 0 0 0 0 0 0 0 0 0 0 0 0  1 1 0 0 1 0 1
142 1 1 1 1 1 1  0 0 0 0 0 0 0 0 0 0 0 0 0 0 0 0  1 1 1 0 0 0 1
146 1 1 1 1 1 1  0 0 0 0 0 0 0 0 0 0 0 0 0 0 0 0  1 1 0 0 0 1 1
148 0 1 1 1 1 1  0 0 0 0 0 0 0 0 0 0 0 0 0 0 0 0  0 1 0 0 1 0 0

* --- Read 9 (addr=11011) repeat ---
150 0 1 1 0 1 1  0 0 0 0 0 0 0 0 0 0 0 0 0 0 0 0  1 1 0 0 1 0 1
152 1 1 1 0 1 1  0 0 0 0 0 0 0 0 0 0 0 0 0 0 0 0  1 1 1 0 0 0 1
156 1 1 1 0 1 1  0 0 0 0 0 0 0 0 0 0 0 0 0 0 0 0  1 1 0 0 0 1 1
158 0 1 1 0 1 1  0 0 0 0 0 0 0 0 0 0 0 0 0 0 0 0  0 1 0 0 1 0 0

* --- Read 0 (addr=01011) ---
160 0 0 1 0 1 1  0 0 0 0 0 0 0 0 0 0 0 0 0 0 0 0  1 1 0 0 1 0 1
162 1 0 1 0 1 1  0 0 0 0 0 0 0 0 0 0 0 0 0 0 0 0  1 1 1 0 0 0 1
166 1 0 1 0 1 1  0 0 0 0 0 0 0 0 0 0 0 0 0 0 0 0  1 1 0 0 0 1 1
168 0 0 1 0 1 1  0 0 0 0 0 0 0 0 0 0 0 0 0 0 0 0  0 1 0 0 1 0 0

* --- Read 5 (addr=11111) ---
170 0 1 1 1 1 1  0 0 0 0 0 0 0 0 0 0 0 0 0 0 0 0  1 1 0 0 1 0 1
172 1 1 1 1 1 1  0 0 0 0 0 0 0 0 0 0 0 0 0 0 0 0  1 1 1 0 0 0 1
176 1 1 1 1 1 1  0 0 0 0 0 0 0 0 0 0 0 0 0 0 0 0  1 1 0 0 0 1 1
178 0 1 1 1 1 1  0 0 0 0 0 0 0 0 0 0 0 0 0 0 0 0  0 1 0 0 1 0 0

* --- Read 6 (addr=10100) ---
180 0 1 0 1 0 0  0 0 0 0 0 0 0 0 0 0 0 0 0 0 0 0  1 1 0 0 1 0 1
182 1 1 0 1 0 0  0 0 0 0 0 0 0 0 0 0 0 0 0 0 0 0  1 1 1 0 0 0 1
186 1 1 0 1 0 0  0 0 0 0 0 0 0 0 0 0 0 0 0 0 0 0  1 1 0 0 0 1 1
188 0 1 0 1 0 0  0 0 0 0 0 0 0 0 0 0 0 0 0 0 0 0  0 1 0 0 1 0 0

* --- Read 8 (addr=10001) ---
190 0 1 0 0 0 1  0 0 0 0 0 0 0 0 0 0 0 0 0 0 0 0  1 1 0 0 1 0 1
192 1 1 0 0 0 1  0 0 0 0 0 0 0 0 0 0 0 0 0 0 0 0  1 1 1 0 0 0 1
196 1 1 0 0 0 1  0 0 0 0 0 0 0 0 0 0 0 0 0 0 0 0  1 1 0 0 0 1 1
198 0 1 0 0 0 1  0 0 0 0 0 0 0 0 0 0 0 0 0 0 0 0  0 1 0 0 1 0 0

* --- Read 5 (addr=11111) ---
200 0 1 1 1 1 1  0 0 0 0 0 0 0 0 0 0 0 0 0 0 0 0  1 1 0 0 1 0 1
202 1 1 1 1 1 1  0 0 0 0 0 0 0 0 0 0 0 0 0 0 0 0  1 1 1 0 0 0 1
206 1 1 1 1 1 1  0 0 0 0 0 0 0 0 0 0 0 0 0 0 0 0  1 1 0 0 0 1 1
208 0 1 1 1 1 1  0 0 0 0 0 0 0 0 0 0 0 0 0 0 0 0  0 1 0 0 1 0 0
